4
linear   essential      -0.250000   0.750000
linear   non-essential   0.000000   1.000000
linear   essential       0.000000   1.000000
linear   essential       0.000000   1.000000

Б 1
significant   elliptical    33
	  0.353812  0.384268  0.231416  0.159920
	  0.000400  0.000400  0.000400  0.000400

а 1
significant   elliptical   100
	  0.240117  0.301547  0.158008  0.112578
	  0.000400  0.000593  0.000400  0.000400

л 1
significant   elliptical   100
	  0.237773  0.268992  0.169062  0.127578
	  0.000400  0.000400  0.000400  0.000400

д 1
significant   elliptical   100
	  0.204102  0.315594  0.190234  0.142461
	  0.000400  0.000400  0.000400  0.000400

н 1
significant   elliptical   100
	  0.247461  0.282977  0.168398  0.146719
	  0.000400  0.000400  0.000400  0.000400

ц 1
significant   elliptical    68
	  0.225816  0.304383  0.186523  0.158835
	  0.000400  0.000400  0.000400  0.000400

э 1
significant   elliptical   100
	  0.258633  0.281586  0.162578  0.120391
	  0.000400  0.000514  0.000400  0.000400

р 1
significant   elliptical   100
	  0.175898  0.311559  0.218828  0.137891
	  0.000400  0.000400  0.000400  0.000400

г 1
significant   elliptical   100
	  0.291172  0.175922  0.173906  0.104727
	  0.000400  0.000400  0.000400  0.000400

ү 1
significant   elliptical   100
	  0.207227  0.280926  0.226992  0.138711
	  0.000400  0.000400  0.000400  0.000400

с 1
significant   elliptical   100
	  0.258281  0.214492  0.165937  0.124180
	  0.000400  0.000400  0.000400  0.000400

в 1
significant   elliptical   100
	  0.247305  0.265414  0.165156  0.125469
	  0.000400  0.000400  0.000400  0.000400

. 1
significant   elliptical   100
	  0.066797  0.044301  0.047383  0.046758
	  0.000400  0.000400  0.000400  0.000400

Ё 1
significant   elliptical     7
	  0.419643  0.492746  0.280134  0.160156
	  0.000400  0.000400  0.000400  0.000400

о 1
significant   elliptical   100
	  0.250352  0.260023  0.161719  0.146953
	  0.000400  0.000400  0.000400  0.000400

т 1
significant   elliptical   100
	  0.300352  0.192602  0.170664  0.108320
	  0.000400  0.000400  0.000400  0.000400

> 1
significant   elliptical     5
	  0.264062  0.219219  0.147656  0.156250
	  0.000400  0.000400  0.000400  0.000400

Y 1
significant   elliptical     3
	  0.404948  0.293750  0.230469  0.158854
	  0.000400  0.000400  0.000400  0.000400

: 1
significant   elliptical    12
	  0.243490  0.087630  0.183919  0.046549
	  0.000400  0.000400  0.000400  0.000400

6 1
significant   elliptical     7
	  0.330915  0.314118  0.215402  0.135603
	  0.000400  0.000400  0.000400  0.000400

и 1
significant   elliptical   100
	  0.248594  0.298031  0.168984  0.146680
	  0.000400  0.000400  0.000400  0.000400

й 1
significant   elliptical   100
	  0.340430  0.402102  0.219258  0.136914
	  0.000400  0.000400  0.000400  0.000400

х 1
significant   elliptical   100
	  0.246250  0.242848  0.178828  0.124609
	  0.000400  0.000400  0.000400  0.000400

б 1
significant   elliptical   100
	  0.350273  0.343664  0.213984  0.135859
	  0.000400  0.000400  0.000400  0.000400

у 1
significant   elliptical   100
	  0.197539  0.270645  0.231250  0.123867
	  0.000400  0.000400  0.000400  0.000400

ш 1
significant   elliptical    85
	  0.246415  0.421071  0.175000  0.218474
	  0.000400  0.000400  0.000400  0.000400

ь 1
significant   elliptical    80
	  0.212891  0.212734  0.157666  0.116553
	  0.000400  0.000400  0.000400  0.000400

У 1
significant   elliptical     6
	  0.402344  0.322005  0.227865  0.175781
	  0.000400  0.000400  0.000400  0.000400

з 1
significant   elliptical    83
	  0.251224  0.242983  0.173052  0.111587
	  0.000400  0.000408  0.000400  0.000400

м 1
significant   elliptical   100
	  0.230547  0.354105  0.159648  0.181328
	  0.000400  0.000400  0.000400  0.000400

Н 1
significant   elliptical    18
	  0.348524  0.412413  0.235460  0.203993
	  0.000400  0.000400  0.000400  0.000400

ө 1
significant   elliptical   100
	  0.252695  0.283137  0.157695  0.139297
	  0.000400  0.000400  0.000400  0.000400

ы 1
significant   elliptical    51
	  0.229550  0.342724  0.166820  0.179994
	  0.000400  0.000400  0.000400  0.000400

ч 1
significant   elliptical   100
	  0.288437  0.230723  0.157617  0.133984
	  0.000400  0.000400  0.000400  0.000400

А 1
significant   elliptical    15
	  0.272135  0.317760  0.200000  0.176302
	  0.000400  0.000400  0.000400  0.000400

ж 1
significant   elliptical   100
	  0.247305  0.373438  0.175078  0.173398
	  0.000400  0.000400  0.000400  0.000400

1 1
significant   elliptical    15
	  0.331250  0.181198  0.235156  0.065625
	  0.000400  0.000400  0.000400  0.000400

0 1
significant   elliptical    10
	  0.357422  0.338867  0.226172  0.151562
	  0.000400  0.000400  0.000400  0.000400

% 1
significant   elliptical     6
	  0.353516  0.555078  0.197917  0.192708
	  0.000400  0.000400  0.000400  0.000400

_ 1
significant   elliptical     5
	 -0.065625  0.115625  0.040625  0.161719
	  0.000400  0.000400  0.000400  0.000400

Ө 1
significant   elliptical    10
	  0.347656  0.431055  0.218359  0.197266
	  0.000400  0.000400  0.000400  0.000400

, 1
significant   elliptical    51
	  0.010263  0.074487  0.082414  0.053309
	  0.000400  0.000400  0.000400  0.000400

Я 1
significant   elliptical    10
	  0.345313  0.381289  0.233203  0.169531
	  0.000400  0.000400  0.000400  0.000400

7 1
significant   elliptical     9
	  0.426215  0.224392  0.222656  0.109809
	  0.000400  0.000400  0.000400  0.000400

ё 1
significant   elliptical     9
	  0.335069  0.356337  0.209635  0.117622
	  0.000400  0.000400  0.000400  0.000400

+ 1
significant   elliptical     6
	  0.272135  0.182943  0.134766  0.123047
	  0.000400  0.000400  0.000400  0.000400

Х 1
significant   elliptical    13
	  0.347656  0.392007  0.250000  0.189904
	  0.000400  0.000400  0.000400  0.000400

Ү 1
significant   elliptical     6
	  0.413411  0.301367  0.235677  0.163411
	  0.000400  0.000400  0.000400  0.000400

Ж 1
significant   elliptical    10
	  0.351172  0.562852  0.241406  0.237891
	  0.000400  0.000400  0.000400  0.000400

к 1
significant   elliptical    18
	  0.250434  0.266949  0.173611  0.130859
	  0.000400  0.000400  0.000400  0.000400

Е 1
significant   elliptical     5
	  0.349219  0.414609  0.245312  0.171094
	  0.000400  0.000400  0.000400  0.000400

Ш 1
significant   elliptical     6
	  0.341797  0.590560  0.246745  0.275391
	  0.000400  0.000400  0.000400  0.000400

- 1
significant   elliptical     7
	  0.255022  0.068304  0.041295  0.090960
	  0.000400  0.000400  0.000400  0.000400

Л 1
significant   elliptical     6
	  0.339193  0.390365  0.238932  0.178385
	  0.000400  0.000400  0.000400  0.000400

= 1
significant   elliptical     4
	  0.270508  0.238672  0.109375  0.166992
	  0.000400  0.000400  0.000400  0.000400

Ы 1
significant   elliptical     4
	  0.318359  0.510156  0.229492  0.245117
	  0.000400  0.000400  0.000400  0.000400

С 1
significant   elliptical     6
	  0.365885  0.332357  0.251302  0.195312
	  0.000400  0.000400  0.000400  0.000400

< 1
significant   elliptical     5
	  0.275000  0.218672  0.149219  0.154687
	  0.000400  0.000400  0.000400  0.000400

е 1
significant   elliptical    32
	  0.258423  0.249658  0.156250  0.124023
	  0.000400  0.000400  0.000400  0.000400

З 1
significant   elliptical     9
	  0.354167  0.371875  0.251302  0.158854
	  0.000400  0.000400  0.000400  0.000400

" 1
significant   elliptical    22
	  0.591442  0.123633  0.080433  0.089311
	  0.000400  0.000400  0.000400  0.000400

ю 1
significant   elliptical    24
	  0.251628  0.365788  0.168945  0.185221
	  0.000400  0.000400  0.000400  0.000400

Й 1
significant   elliptical     5
	  0.433594  0.544844  0.267969  0.182031
	  0.000400  0.000400  0.000400  0.000400

Р 1
significant   elliptical     8
	  0.402344  0.321045  0.218262  0.156250
	  0.000400  0.000400  0.000400  0.000400

3 1
significant   elliptical     8
	  0.346680  0.283154  0.237793  0.119141
	  0.000400  0.000400  0.000400  0.000400

₮ 1
significant   elliptical     6
	  0.406901  0.383659  0.222656  0.162109
	  0.000400  0.000400  0.000400  0.000400

я 1
significant   elliptical    48
	  0.240885  0.258838  0.168783  0.129720
	  0.000400  0.000400  0.000400  0.000400

К 1
significant   elliptical     9
	  0.351128  0.382335  0.239583  0.174045
	  0.000400  0.000400  0.000400  0.000400

п 1
significant   elliptical     5
	  0.260156  0.287109  0.178125  0.152344
	  0.000400  0.000400  0.000400  0.000400

Г 1
significant   elliptical    15
	  0.418750  0.258854  0.245573  0.153646
	  0.000400  0.000400  0.000400  0.000400

П 1
significant   elliptical     8
	  0.366699  0.407568  0.248047  0.208984
	  0.000400  0.000400  0.000400  0.000400

О 1
significant   elliptical     9
	  0.355035  0.382812  0.233507  0.212240
	  0.000400  0.000400  0.000400  0.000400

/ 1
significant   elliptical     6
	  0.350911  0.163997  0.221354  0.085938
	  0.000400  0.000400  0.000400  0.000400

Т 1
significant   elliptical    18
	  0.431858  0.289453  0.235460  0.156033
	  0.000400  0.000400  0.000400  0.000400

Ч 1
significant   elliptical     9
	  0.402344  0.338889  0.224392  0.178819
	  0.000400  0.000400  0.000400  0.000400

( 1
significant   elliptical     5
	  0.267188  0.200156  0.262500  0.079687
	  0.000400  0.000400  0.000400  0.000400

) 1
significant   elliptical     5
	  0.265625  0.195625  0.256250  0.077344
	  0.000400  0.000400  0.000400  0.000400

И 1
significant   elliptical     7
	  0.344308  0.437723  0.228237  0.196987
	  0.000400  0.000400  0.000400  0.000400

Д 1
significant   elliptical    10
	  0.292188  0.465625  0.271094  0.184375
	  0.000400  0.000401  0.000400  0.000400

4 1
significant   elliptical    10
	  0.333203  0.267148  0.179297  0.127344
	  0.000400  0.000400  0.000400  0.000400

9 1
significant   elliptical     8
	  0.373535  0.307471  0.211426  0.130371
	  0.000400  0.000400  0.000400  0.000400

? 1
significant   elliptical    16
	  0.414551  0.230103  0.221924  0.100098
	  0.000400  0.000400  0.000400  0.000400

Ц 1
significant   elliptical    10
	  0.304297  0.436367  0.263281  0.219922
	  0.000400  0.000400  0.000400  0.000400

щ 1
significant   elliptical     7
	  0.233817  0.440458  0.183594  0.226004
	  0.000400  0.000400  0.000400  0.000400

5 1
significant   elliptical     8
	  0.344238  0.275830  0.236816  0.120605
	  0.000400  0.000400  0.000400  0.000400

@ 1
significant   elliptical     7
	  0.347098  0.599888  0.207031  0.199777
	  0.000400  0.000400  0.000400  0.000400

№ 1
significant   elliptical     6
	  0.317057  0.620378  0.199870  0.250651
	  0.000400  0.000400  0.000400  0.000400

ф 1
significant   elliptical     5
	  0.239844  0.469141  0.232812  0.182031
	  0.000400  0.000400  0.000400  0.000400

8 1
significant   elliptical     9
	  0.348958  0.342405  0.223958  0.127170
	  0.000400  0.000400  0.000400  0.000400

Ф 1
significant   elliptical     5
	  0.353906  0.439531  0.200781  0.196094
	  0.000400  0.000400  0.000400  0.000400

2 1
significant   elliptical    13
	  0.333233  0.291376  0.239784  0.126502
	  0.000400  0.000400  0.000400  0.000400

Ю 1
significant   elliptical     6
	  0.354818  0.559831  0.237630  0.283854
	  0.000400  0.000400  0.000400  0.000400

В 1
significant   elliptical     5
	  0.344531  0.399609  0.232031  0.170312
	  0.000400  0.000400  0.000400  0.000400

Э 1
significant   elliptical    14
	  0.366908  0.402204  0.231027  0.180246
	  0.000400  0.000400  0.000400  0.000400

М 1
significant   elliptical    10
	  0.324219  0.523945  0.216797  0.258203
	  0.000400  0.000400  0.000400  0.000400

! 1
significant   elliptical     9
	  0.353299  0.154210  0.223958  0.050347
	  0.000400  0.000400  0.000400  0.000400

Щ 1
significant   elliptical     6
	  0.327474  0.627539  0.261719  0.291016
	  0.000400  0.000400  0.000400  0.000400

; 1
significant   elliptical     9
	  0.167101  0.117708  0.212674  0.050347
	  0.000400  0.000400  0.000400  0.000400

& 1
significant   elliptical     8
	  0.309570  0.455859  0.212402  0.190430
	  0.000400  0.000400  0.000400  0.000400

Ь 1
significant   elliptical     5
	  0.302344  0.319063  0.221094  0.158594
	  0.000400  0.000400  0.000400  0.000400

„ 1
significant   elliptical     1
	  0.019531  0.148438  0.082031  0.113281
	  0.000400  0.000400  0.000400  0.000400

V 1
significant   elliptical     1
	  0.437500  0.296875  0.203125  0.179688
	  0.000400  0.000400  0.000400  0.000400

a 1
significant   elliptical     2
	  0.238281  0.310156  0.162109  0.109375
	  0.000400  0.000400  0.000400  0.000400

n 1
significant   elliptical     1
	  0.242188  0.266406  0.171875  0.140625
	  0.000400  0.000400  0.000400  0.000400

i 1
significant   elliptical     2
	  0.322266  0.183008  0.236328  0.068359
	  0.000400  0.000400  0.000400  0.000400

t 1
significant   elliptical     3
	  0.283854  0.157031  0.187500  0.069010
	  0.000400  0.000400  0.000400  0.000400

y 1
significant   elliptical     1
	  0.195312  0.271094  0.230469  0.125000
	  0.000400  0.000400  0.000400  0.000400

F 1
significant   elliptical     1
	  0.406250  0.325000  0.222656  0.160156
	  0.000400  0.000400  0.000400  0.000400

r 1
significant   elliptical     1
	  0.285156  0.162891  0.171875  0.089844
	  0.000400  0.000400  0.000400  0.000400

‟ 1
significant   elliptical     1
	  0.582031  0.150000  0.082031  0.113281
	  0.000400  0.000400  0.000400  0.000400

“ 1
significant   elliptical    13
	  0.567007  0.146605  0.080829  0.112981
	  0.000400  0.000400  0.000400  0.000400

ѐ 1
significant   elliptical     2
	  0.322266  0.294141  0.195312  0.115234
	  0.000400  0.000400  0.000400  0.000400

” 1
significant   elliptical    13
	  0.582632  0.149579  0.082632  0.112981
	  0.000400  0.000400  0.000400  0.000400

– 1
significant   elliptical     2
	  0.251953  0.117578  0.044922  0.162109
	  0.000400  0.000400  0.000400  0.000400

l 1
significant   elliptical     1
	  0.332031  0.175391  0.234375  0.058594
	  0.000400  0.000400  0.000400  0.000400

g 1
significant   elliptical     1
	  0.128906  0.389062  0.226562  0.128906
	  0.000400  0.000400  0.000400  0.000400

# 1
significant   elliptical     1
	  0.351562  0.348047  0.199219  0.140625
	  0.000400  0.000400  0.000400  0.000400
